1997 19 19 124553 74.2
1997 24 24 1841 56.4
1997 25 29 2595 62.2
1997 30 30 2063 70.4
1998 24 24 1682 53.1
1998 18 18 197749 87.7
1999 24 24 1783 56.8
1999 22 22 13786 63.6
1999 21 21 39167 69.5
2000 19 19 140756 77.0
2000 20 20 94987 74.8
2001 23 23 3461 56.6
2002 24 24 1431 55.5
2003 19 19 134868 77.7
2003 23 23 3404 57.0
2004 24 24 1351 54.2
2004 23 23 3281 56.5
2004 30 30 2784 69.2
2005 24 24 1288 51.8
2006 17 17 16196 96.0
2006 30 30 2460 73.5
2007 19 19 140084 80.8
2007 18 18 239029 91.5
2008 24 24 1249 58.7
2008 18 18 242459 91.6
2008 17 17 16739 96.5
2009 17 17 17064 96.7
2010 18 18 251202 91.2
2010 20 20 78969 80.2
2011 25 29 2060 73.4
2011 18 18 264961 91.5
2011 17 17 18386 96.5
2012 25 29 2269 75.2
2012 30 30 2245 80.4
2013 24 24 1504 73.7
2013 25 29 2505 75.8
2013 22 22 6134 71.1
2013 30 30 2501 82.9
2014 25 29 2525 77.5
2014 20 20 49579 77.9
2015 24 24 1412 76.9
2015 19 19 149593 81.9
2017 21 21 9799 72.0
2017 30 30 2621 79.0
2019 16 16 650 95.9
2019 23 23 1498 73.5
2020 16 16 669 98.8
1997 16 16 178 90.8
1997 23 23 5071 58.9
1997 20 20 87671 72.3
1997 17 17 14630 92.6
1998 25 29 2437 58.2
1998 20 20 89772 74.2
1998 30 30 2034 66.1
1999 25 29 2945 63.7
1999 18 18 198110 86.9
1999 20 20 89813 73.3
2002 19 19 127075 75.5
2002 25 29 2634 62.0
2002 16 16 302 91.0
2002 23 23 3458 59.5
2002 21 21 36587 69.1
2002 20 20 88272 73.1
2003 21 21 34603 68.6
2003 20 20 82710 73.4
2004 20 20 80325 73.2
2005 23 23 3005 54.7
2005 20 20 80855 72.5
2005 30 30 2777 68.0
2006 19 19 138874 79.3
2006 25 29 2306 63.1
2006 16 16 520 97.4
2006 23 23 3002 58.3
2006 20 20 84128 74.9
2007 23 23 2829 58.6
2007 30 30 2349 73.4
2008 25 29 1824 59.8
2008 21 21 27796 69.8
2008 20 20 77476 75.1
2009 24 24 1497 71.8
2009 25 29 2158 71.2
2009 16 16 650 96.4
2009 23 23 3404 72.3
2010 19 19 138638 81.9
2010 24 24 1393 69.5
2010 25 29 1953 69.8
2011 16 16 663 95.9
2012 24 24 1568 71.7
2013 16 16 761 98.2
2013 23 23 2808 72.7
2013 18 18 333837 92.7
2013 20 20 52160 76.3
2013 17 17 20637 97.3
2014 19 19 159792 82.8
2014 30 30 2447 80.9
2015 25 29 2724 79.3
2015 18 18 382114 92.8
2015 20 20 40089 75.2
2016 24 24 1398 76.6
2016 16 16 663 98.1
2016 30 30 2418 81.5
2016 17 17 21944 96.8
2017 16 16 638 94.9
2017 17 17 22741 96.7
2017 18 18 424010 92.1
2017 20 20 34529 74.4
2017 25 29 2657 79.0
2018 16 16 654 93.7
2018 19 19 136755 81.2
2018 20 20 32703 74.8
2018 23 23 1715 74.5
2018 30 30 2358 80.4
2019 17 17 21611 96.8
2019 22 22 2947 72.5
2020 17 17 21987 99.1
2020 18 18 508603 97.1
2020 22 22 3155 84.2
1997 21 21 42080 70.0
1997 18 18 185176 86.2
1998 19 19 131593 76.4
1998 16 16 224 93.3
1998 23 23 4306 57.4
1999 16 16 243 92.4
2000 25 29 2618 62.8
2000 21 21 39194 70.9
2001 25 29 2630 61.8
2001 16 16 298 93.1
2001 18 18 197198 87.0
2002 22 22 11294 63.2
2002 18 18 202922 87.0
2002 30 30 2740 66.0
2003 25 29 2065 59.2
2003 18 18 212811 88.9
2003 30 30 2790 67.9
2004 19 19 133452 76.8
2004 17 17 16400 94.9
2005 22 22 8751 59.3
2005 21 21 30235 66.8
2006 24 24 1426 58.6
2006 22 22 9663 64.6
2006 21 21 31713 69.7
2007 25 29 2151 62.4
2007 22 22 8942 64.6
2007 16 16 583 97.0
2008 16 16 576 94.7
2009 22 22 9697 76.4
2010 16 16 672 94.8
2011 19 19 155300 82.1
2011 24 24 1412 70.1
2011 23 23 3094 71.0
2011 30 30 2400 80.6
2011 20 20 84178 79.7
2012 19 19 165930 79.9
2012 16 16 707 97.0
2012 21 21 25121 72.9
2012 20 20 76423 76.1
2012 17 17 19797 97.0
2014 22 22 5402 74.0
2014 18 18 364959 93.0
2015 21 21 11297 71.9
2015 17 17 21903 97.2
2016 23 23 2060 75.0
2016 18 18 405351 93.0
2018 17 17 22277 96.6
2018 22 22 3323 73.0
2019 20 20 29443 73.3
2019 30 30 2345 80.8
2020 19 19 138587 90.9
2020 23 23 1530 84.8
2020 24 24 940 87.2
2020 25 29 1925 87.8
1997 22 22 15940 65.3
1998 22 22 14138 64.2
1998 17 17 14670 93.7
1999 19 19 136472 75.7
1999 23 23 4210 58.7
1999 30 30 2123 67.1
1999 17 17 15032 92.9
2000 17 17 15565 94.1
2001 19 19 135919 75.9
2001 17 17 15962 93.8
2001 30 30 2487 67.3
2003 22 22 10575 62.2
2004 16 16 366 90.8
2004 22 22 10264 62.3
2005 25 29 1977 56.1
2005 16 16 399 93.2
2005 18 18 223391 89.0
2005 17 17 16362 94.8
2006 18 18 233769 90.3
2007 21 21 30217 71.0
2007 20 20 80469 75.7
2008 23 23 2671 57.8
2008 30 30 2095 71.3
2009 21 21 30826 78.6
2009 18 18 249734 91.8
2010 23 23 2846 69.9
2010 30 30 2303 78.3
2010 17 17 17415 96.4
2011 22 22 8565 73.8
2011 21 21 28337 77.1
2012 22 22 7881 70.3
2014 16 16 650 97.3
2014 17 17 21345 97.3
2015 22 22 4257 71.2
2015 23 23 2326 75.3
2016 22 22 3906 72.5
2016 25 29 2666 80.5
2016 21 21 10709 72.9
2016 20 20 38332 76.4
2017 19 19 140017 81.3
2018 24 24 1117 77.4
2018 25 29 2325 80.6
2019 19 19 127576 80.1
2019 21 21 8286 71.8
2019 24 24 985 76.6
2019 25 29 2097 79.7
1998 21 21 42911 69.8
2000 24 24 1593 58.1
2000 22 22 12580 65.6
2000 16 16 236 91.1
2000 23 23 4024 59.6
2000 18 18 202926 87.5
2000 30 30 2071 67.4
2001 24 24 1583 56.7
2001 22 22 11455 63.3
2001 21 21 37938 69.5
2001 20 20 90297 73.7
2002 17 17 17039 93.6
2003 24 24 1262 54.4
2003 16 16 312 94.0
2003 17 17 17271 94.8
2004 25 29 2079 57.8
2004 21 21 31458 68.3
2004 18 18 216612 88.2
2005 19 19 137568 77.3
2007 24 24 1287 58.4
2007 17 17 16373 96.5
2008 19 19 137779 81.1
2008 22 22 8231 62.9
2009 19 19 140982 82.6
2009 30 30 2349 80.0
2009 20 20 80731 80.6
2010 22 22 8414 73.2
2010 21 21 27963 77.4
2012 23 23 3186 71.7
2012 18 18 304730 91.1
2013 19 19 149204 81.4
2013 21 21 17359 73.2
2014 24 24 1462 75.2
2014 23 23 2628 74.4
2014 21 21 14861 74.6
2015 16 16 670 96.8
2015 30 30 2459 82.1
2016 19 19 144050 82.4
2017 22 22 3656 72.3
2017 23 23 1904 74.7
2017 24 24 1200 76.2
2018 18 18 465157 92.0
2018 21 21 8903 73.0
2019 18 18 470905 91.9
2020 20 20 33969 86.4
2020 21 21 9273 84.9
2020 30 30 2333 88.2
