Entrées | État Présent | État Futur  | Sorties Afficheur
R  inv | Q2 Q1 Q0    | D2 D1 D0    | a b c d e f g    | État
------+-------------+-------------+----------------+--------
1   x  | x  x  x    | 0  0  0    | 1 0 0 0 0 0 0  | → État_a (reset)
------+-------------+-------------+----------------+--------
0   0  | 0  0  0    | 0  0  1    | 1 0 0 0 0 0 0  | État_a → État_b
0   0  | 0  0  1    | 0  1  0    | 0 1 0 0 0 0 0  | État_b → État_g1
0   0  | 0  1  0    | 0  1  1    | 0 0 0 0 0 0 1  | État_g1 → État_e
0   0  | 0  1  1    | 1  0  0    | 0 0 0 0 1 0 0  | État_e → État_d
0   0  | 1  0  0    | 1  0  1    | 0 0 0 1 0 0 0  | État_d → État_c
0   0  | 1  0  1    | 1  1  0    | 0 0 1 0 0 0 0  | État_c → État_g2
0   0  | 1  1  0    | 1  1  1    | 0 0 0 0 0 0 1  | État_g2 → État_f
0   0  | 1  1  1    | 0  0  0    | 0 0 0 0 0 1 0  | État_f → État_a
------+-------------+-------------+----------------+--------
0   1  | 0  0  0    | 1  1  1    | 1 0 0 0 0 0 0  | État_a → État_f
0   1  | 0  0  1    | 0  0  0    | 0 1 0 0 0 0 0  | État_b → État_a
0   1  | 0  1  0    | 0  0  1    | 0 0 0 0 0 0 1  | État_g1 → État_b
0   1  | 0  1  1    | 0  1  0    | 0 0 0 0 1 0 0  | État_e → État_g1
0   1  | 1  0  0    | 0  1  1    | 0 0 0 1 0 0 0  | État_d → État_e
0   1  | 1  0  1    | 1  0  0    | 0 0 1 0 0 0 0  | État_c → État_d
0   1  | 1  1  0    | 1  0  1    | 0 0 0 0 0 0 1  | État_g2 → État_c
0   1  | 1  1  1    | 1  1  0    | 0 0 0 0 0 1 0  | État_f → État_g2
